function [income,number] = taxdata
income = 1e5*[0,0.72,1.77,2.34,3.05,3.75,4.25,4.78,5.23,6.95,9.74,12.01,17.15,22.26,33.80,67.92,190.76,694.03,1545.33,3483.96,6951.56,20723.91,221558.30];
number = [1462775,3730295,1625526,3859871,7087822,5044226,6306852,8675768,4725375,15856500,819121,4276799,1563429,768582,1182698,353886,178930,16666,10973,4234,2253,2255,589];
